id,sector,symbol,token,PC,CC1,CC2,V,atr,atrPer,g,s,t,bulRP,berRP,atrV,vs,roc,rsi,rsi0,rsi1,rsi2,roc0,bulRPC,berRPC,alarmTimer,srT,srV,nSR,GL,ot,oc
1,Oil Gas & Consumable Fuels,RELIANCE-EQ,2885,2878.05,2845.1,2844.85,6501,2.805755026473601,0.0986257632730584,red,"1.5, 2.0, 1.5","shooting_star, tweezer_b",none,none,11169.252409228617,"0.75, 2.0, 1.5","-27.59372198885674, -22.49481564795645, -17.387638969388178","20.17937219730925, 20.089285714285225, 22.16748768472886",20.17937219730925,20.089285714285225,22.16748768472886,-27.59372198885674,"none, none","shooting_star, none",0,none,0,0,0,,
2,Information Technology,TCS-EQ,11536,3973.3,3882.85,3884.2,1288,3.594950189024384,0.0925531689672103,green,"1.0, 1.5, 2.0","normal, shooting_star",none,shooting_star,1826.5843249387,"0.75, 0.75, 2.0","-22.39843468410554, -23.4363933708485, -24.97618250637349","29.33333333333333, 22.01591511936345, 22.3719676549868",29.33333333333333,22.01591511936345,22.3719676549868,-22.39843468410554,"Bullish_Engulfing, none","none, shooting_star",0,none,0,0,0,,
3,Financial Services,HDFCBANK-EQ,1333,1444.85,1444.2,1444.25,20390,0.7525844456847754,0.052109014760933,green,"0.75, 2.0, 2.0","spn_top, normal",none,none,30920.91467642481,"0.75, 1.5, 3.0","-16.27142115284687, -18.34925910538612, -12.456316390436005","5.172413793106421, 3.508771929829179, 5.000000000006252",5.172413793106421,3.508771929829179,5.000000000006252,-16.27142115284687,"none, none","none, none",0,none,0,0,0,,
4,Financial Services,ICICIBANK-EQ,4963,1023.5,1113.7,1114.0,25070,1.416299030526276,0.1271363582160032,green,"1.0, 1.5, 2.0","shooting_star, normal",none,none,29822.92003693609,"1.0, 2.0, 2.0","-29.62298025134609, -31.875729550147742, -18.83492533297376","22.22222222222179, 20.86956521739209, 34.653465346534965",22.22222222222179,20.86956521739209,34.653465346534965,-29.62298025134609,"none, none","shooting_star, none",0,none,0,0,0,,
5,Fast Moving Consumer Goods,HINDUNILVR-EQ,1394,2419.5,2329.75,2329.85,1640,1.7446065224141136,0.0748806370544933,green,"1.5, 1.5, 1.0","spn_top, tweezer_t",none,none,1791.1979073925097,"1.0, 1.5, 0.75","-20.172972508960974, -18.886146582251705, -25.105679891852063","22.784810126579877, 17.616580310879606, 17.435897435896383",22.78481012657988,17.616580310879606,17.435897435896383,-20.17297250896097,"none, none","none, none",0,none,0,0,0,,
6,Information Technology,INFY-EQ,1594,1687.2,1422.0,1422.15,8997,0.9712194905047584,0.068292338396425,green,"1.5, 1.0, 1.0","shooting_star, shooting_star",none,shooting_star,8117.624881117941,"1.5, 1.0, 1.5","-21.797981928769183, -22.15189873417785, -21.80028129395154","10.526315789475571, 8.108108108112425, 7.692307692311726",10.526315789475571,8.108108108112425,7.692307692311726,-21.797981928769183,"none, none","shooting_star, shooting_star",0,none,0,0,0,,
7,Fast Moving Consumer Goods,ITC-EQ,1660,438.05,429.05,429.15,18980,0.3252490330690009,0.0757891257296984,green,"1.5, 2.0, 1.5","spn_top, tweezer_b",none,none,36653.05002147823,"0.75, 4.0, 1.5","-24.466969591052344, -25.638037524763217, -22.129047286279725","11.53846153846019, 3.8461538461546825, 4.54545454545548",11.53846153846019,3.8461538461546825,4.54545454545548,-24.466969591052344,"none, none","none, none",0,none,0,0,0,,
8,Financial Services,SBIN-EQ,3045,642.95,821.65,821.9,19620,0.8593909351952853,0.1045614959478385,green,"1.0, 1.0, 1.5","tweezer_t, tweezer_t",none,none,34355.53178788753,"0.75, 2.0, 1.5","-27.983939652026624, -21.298606462605733, -24.946759963491992","33.69565217391353, 27.368421052632364, 30.208333333333847",33.69565217391353,27.368421052632364,30.208333333333847,-27.983939652026624,"Bullish_Engulfing, none","none, none",0,none,0,0,0,,
9,Telecommunication,BHARTIARTL-EQ,10604,1113.55,1286.5,1287.25,10389,2.1288654592295813,0.1653808863258559,green,"1.5, 1.5, 1.0","tweezer_t, hammer",hammer,none,10696.151484774262,"1.0, 1.5, 1.5","-36.51194406680944, -30.314807617567748, -23.69944442285989","35.21126760563351, 33.00970873786438, 39.150943396226765",35.21126760563351,33.00970873786438,39.150943396226765,-36.51194406680944,"Bullish_Engulfing, hammer","none, none",0,none,0,0,0,,
10,Financial Services,KOTAKBANK-EQ,1922,1808.35,1642.85,1645.35,21703,2.086131285808544,0.1267895150459503,green,"2.0, 2.0, 3.0","normal, normal",none,none,15881.014468077488,"1.5, 3.0, 3.0","-9.724374753092878, -20.087043856713528, -28.02229600073185","46.26168224298975, 29.878048780486253, 15.646258503400183",46.26168224298975,29.878048780486253,15.646258503400183,-9.724374753092878,"none, none","none, none",0,none,0,0,0,,
11,Financial Services,BAJFINANCE-EQ,317,6608.2,6657.3,6657.25,1353,3.53734054086146,0.053135161528581,red,"0.5, 1.5, 1.5","spn_top, spn_top",none,none,1795.825903118518,"1.0, 1.0, 1.0","-19.00184009913949, -15.246421221816108, -14.269620728501687","21.9780219780222, 23.924731182795423, 22.47474747474738",21.9780219780222,23.924731182795423,22.47474747474738,-19.00184009913949,"none, none","none, none",0,none,0,0,0,,
12,Financial Services,LICI-EQ,9480,998.85,976.0,976.45,33531,2.074752297293436,0.2124791128366465,green,"1.5, 3.0, 1.5","hammer, normal",none,none,25032.992657328246,"1.5, 3.0, 1.5","-30.72353935173332, -22.028688524589928, -3.5781833052192686","40.65934065934129, 36.11111111111146, 44.21768707482998",40.65934065934129,36.11111111111146,44.21768707482998,-30.72353935173332,"hammer, none","none, none",0,none,0,0,0,,
13,Construction,LT-EQ,11483,3341.75,3368.0,3367.0,4884,4.164202314948574,0.123676932430905,red,"1.0, 1.5, 2.0","tweezer_t, shooting_star",none,shooting_star,6925.0214589229,"0.75, 1.0, 1.5","-34.303534303534846, -33.69952494061731, -36.07321526654125","3.396226415093083, 3.4090909090895773, 7.352941176470636",3.396226415093083,3.4090909090895773,7.352941176470636,-34.303534303534846,"none, none","none, shooting_star",0,none,0,0,0,,
14,Information Technology,HCLTECH-EQ,7229,1555.35,1328.1,1328.0,21859,1.3672261876801346,0.1029537791927812,red,"1.0, 1.0, 3.0","tweezer_t, shooting_star",none,shooting_star,16643.33689609436,"1.5, 0.75, 3.0","-34.63855421686679, -32.75355771402859, -32.756024096384856","17.037037037035592, 18.51851851851852, 17.910447761194586",17.037037037035592,18.51851851851852,17.910447761194586,-34.63855421686679,"none, none","none, shooting_star",0,none,0,0,0,,
15,Consumer Durables,ASIANPAINT-EQ,236,2917.35,2832.0,2832.0,2729,2.5532156781505355,0.0901559208386488,red,"1.0, 1.0, 3.0","shooting_star, tweezer_t",none,none,4577.45514736336,"0.75, 1.5, 3.0","-28.248587570621467, -31.77966101694916, -24.7087892693258","9.45945945946079, 16.942148760331573, 16.942148760331573",9.45945945946079,16.942148760331573,16.942148760331573,-28.248587570621467,"none, none","shooting_star, none",0,none,0,0,0,,
16,Financial Services,AXISBANK-EQ,5900,1061.5,1119.5,1119.35,11023,1.2866286986962454,0.1149442711123639,red,"1.5, 1.5, 3.0","spn_top, spn_top",none,none,17408.73772672288,"0.75, 2.0, 4.0","-34.84164917139493, -30.81732916480612, -27.697118606208704","17.857142857142424, 26.446280991737, 25.21008403361325",17.857142857142424,26.446280991737,25.21008403361325,-34.84164917139493,"none, none","Bearish_Engulfing, none",0,none,0,0,0,,
18,Healthcare,SUNPHARMA-EQ,3351,1463.8,1522.4,1522.35,1829,1.4369154419592405,0.0943879818674575,green,"1.5, 0.75, 2.0","spn_top, spn_top",none,none,1698.5476597244412,"1.5, 2.0, 1.5","-29.88800210201453, -21.67630057803438, -20.361247947454245","24.812030075188147, 26.119402985076963, 21.739130434784325",24.812030075188147,26.119402985076963,21.739130434784325,-29.88800210201453,"none, none","none, none",0,none,0,0,0,,
19,Consumer Durables,TITAN-EQ,3506,3552.05,3261.5,3262.5,1733,3.213652655893588,0.0985027633990371,green,"1.5, 1.5, 3.0","spn_top, spn_top",none,none,4298.726636267522,"0.5, 0.75, 5.0","-32.18390804597701, -32.34707956461806, -32.64467876410033","15.01831501831342, 7.692307692305897, 7.636363636361904",15.01831501831342,7.692307692305897,7.636363636361904,-32.18390804597701,"Bullish_Engulfing, none","none, none",0,none,0,0,0,,
20,Consumer Services,DMART-EQ,19913,3729.6,4638.0,4638.0,55,6.720608339455745,0.1449031552275926,red,"0.5, 0.5, 0.75","shooting_star, normal",none,none,473.1808046175609,"0.0, 0.5, 0.5","-30.50884001724803, -23.609314359637384, -35.23592987295748","32.31017770597757, 25.97402597402597, 18.14882032667865",32.31017770597757,25.97402597402597,18.14882032667865,-30.50884001724803,"none, none","none, none",0,none,0,0,0,,
22,Fast Moving Consumer Goods,NESTLEIND-EQ,17963,2462.7,2468.3,2467.65,2015,2.626949465881994,0.1064555129731523,red,"1.5, 1.0, 2.0","spn_top, hammer",hammer,none,1616.373602607582,"1.5, 1.0, 4.0","-28.16444795655712, -32.81610825264315, -32.81610825264315","12.12121212121272, 12.844036697248434, 9.859154929578231",12.12121212121272,12.844036697248434,9.859154929578231,-28.16444795655712,"none, hammer","Bearish_Engulfing, none",0,none,0,0,0,,
23,Financial Services,BAJAJFINSV-EQ,16675,1614.9,1571.5,1572.0,834,1.7422706451336978,0.110831465975426,green,"1.5, 1.5, 2.0","tweezer_t, normal",none,none,1209.292878761109,"0.75, 2.0, 1.5","-38.804071246818765, -41.36175628380528, -31.78639542275906","13.855421686747777, 8.333333333334302, 27.564102564103088",13.855421686747777,8.333333333334302,27.564102564103088,-38.804071246818765,"none, none","none, none",0,none,0,0,0,,
24,Information Technology,WIPRO-EQ,3787,482.35,456.7,456.65,3416,0.4288320498136873,0.0939082557349583,red,"0.75, 1.5, 2.0","normal, normal",none,none,5829.2106228964685,"0.75, 1.0, 1.0","-44.89214934851663, -45.98204510619713, -32.822757111597376","2.2222222222226686, 14.00000000000059, 14.00000000000059",2.2222222222226686,14.00000000000059,14.00000000000059,-44.89214934851663,"none, none","none, none",0,none,0,0,0,,
25,Metals & Mining,ADANIENT-EQ,25,3173.45,3069.65,3071.05,3016,3.386928227293853,0.11028567516953,green,"1.5, 1.5, 1.5","normal, normal",none,none,3210.0386753161865,"1.0, 3.0, 1.0","-31.09685612412604, -40.23259980779538, -36.79523290079851","16.30769230769287, 8.223684210526413, 8.090614886731487",16.30769230769287,8.223684210526413,8.090614886731487,-31.09685612412604,"none, none","none, none",0,none,0,0,0,,
26,Oil Gas & Consumable Fuels,ONGC-EQ,2475,262.95,273.6,273.7,7525,0.3009396233039589,0.1099523651092286,green,"1.5, 1.0, 2.0","shooting_star, normal",none,none,8819.15094948364,"1.0, 1.5, 2.0","-34.709535988307955, -40.20467836257185, -38.37719298245448","14.285714285713706, 11.111111111113445, 10.714285714287884",14.285714285713706,11.111111111113445,10.714285714287884,-34.709535988307955,"none, none","shooting_star, none",0,none,0,0,0,,
27,Power,NTPC-EQ,11630,336.1,359.1,359.3,30626,0.3899448165154359,0.108529033263411,green,"1.5, 1.5, 1.5","normal, spn_top",none,none,15600.940824832913,"2.0, 2.0, 1.5","-26.440300584469487, -34.80924533556112, -30.63213589529284","20.000000000000647, 17.647058823532358, 14.285714285716605",20.000000000000647,17.647058823532358,14.285714285716605,-26.440300584469487,"none, none","none, none",0,none,0,0,0,,
28,Metals & Mining,JSWSTEEL-EQ,11723,814.65,872.75,872.1,3622,1.1751778649656013,0.1347526504948516,red,"1.5, 1.5, 3.0","normal, normal",none,none,8380.87751870192,"0.5, 0.5, 1.5","-14.333218667583992, -10.88513319965678, -18.923103388955525","38.05970149253702, 43.089430894308734, 29.600000000000364",38.05970149253702,43.089430894308734,29.600000000000364,-14.333218667583992,"none, none","none, none",0,none,0,0,0,,
29,Power,POWERGRID-EQ,14977,282.9,311.55,311.5,21471,0.3437662267653083,0.1103583392505002,green,"1.5, 1.0, 2.0","shooting_star, hammer",hammer,none,28067.92689858369,"1.0, 1.5, 1.0","-32.102728731942214, -24.07318247472316, -32.102728731942214","26.47058823529363, 24.324324324324163, 21.62162162162079",26.47058823529363,24.324324324324163,21.62162162162079,-32.102728731942214,"none, hammer","shooting_star, none",0,none,0,0,0,,
31,Information Technology,LTIM-EQ,17818,5438.45,4650.0,4650.35,354,2.71316810069548,0.0583433096583156,green,"1.5, 0.5, 1.5","shooting_star, normal",none,none,705.6397301075666,"0.75, 0.5, 5.0","-14.94511165826189, -7.526881720430108, -4.6236559139777125","39.8058252427189, 43.46504559270584, 40.39548022598913",39.8058252427189,43.46504559270584,40.39548022598913,-14.94511165826189,"none, none","shooting_star, none",0,none,0,0,0,,
32,Automobile and Auto Components,TATAMOTORS-EQ,3456,926.8,955.1,955.5,39463,0.9827274182075812,0.1028495466465286,green,"1.0, 1.0, 1.5","normal, spn_top",none,none,41311.33913349968,"1.0, 1.0, 3.0","-26.16431187859759, -25.12825882106561, -22.515446643627367","26.19047619047645, 27.05882352941318, 22.619047619047848",26.19047619047645,27.05882352941318,22.619047619047848,-26.16431187859759,"none, none","none, none",0,none,0,0,0,,
33,Power,ADANIGREEN-EQ,3563,1668.65,1825.0,1822.0,10292,3.759548514250744,0.2063418503979552,red,"1.5, 1.5, 2.0","normal, hammer",hammer,none,10646.347464811592,"1.0, 1.0, 1.5","-38.41931942919868, -19.4520547945203, -20.558646966914285","28.23920265780805, 39.06250000000052, 31.64062500000041",28.23920265780805,39.06250000000052,31.64062500000041,-38.41931942919868,"none, hammer","Bearish_Engulfing, none",0,none,0,0,0,,
34,Services,ADANIPORTS-EQ,15083,1258.55,1340.0,1341.0,5577,1.91179136828021,0.1425646061357352,green,"1.5, 0.75, 1.5","normal, normal",none,none,6505.784007878824,"1.0, 1.0, 1.5","-44.742729306487696, -52.23880597014926, -49.61020552799332","16.666666666666664, 6.172839506172909, 6.451612903225806",16.666666666666664,6.172839506172909,6.451612903225806,-44.742729306487696,"Bullish_Engulfing, none","none, none",0,none,0,0,0,,
35,Oil Gas & Consumable Fuels,COALINDIA-EQ,20374,440.25,462.25,462.3,38946,0.7378949820371637,0.1596138832007708,green,"1.5, 1.0, 1.5","shooting_star, normal",none,none,51493.8330296686,"1.0, 1.0, 1.5","-36.7726584468957, -46.51162790697625, -35.67567567567519","20.000000000000973, 24.324324324324948, 37.80487804878056",20.000000000000973,24.324324324324948,37.80487804878056,-36.7726584468957,"none, none","shooting_star, none",0,none,0,0,0,,
36,Metals & Mining,TATASTEEL-EQ,3499,141.55,165.9,165.95,88665,0.1849081595784197,0.111424019028876,green,"1.5, 1.0, 1.5","hammer, spn_top",none,none,69802.17825176881,"1.5, 1.5, 1.5","-21.090689966858857, -24.110910186859897, -24.110910186859897","26.66666666666338, 21.42857142856939, 21.42857142856939",26.66666666666338,21.42857142856939,21.42857142856939,-21.090689966858857,"hammer, none","none, none",0,none,0,0,0,,
37,Metals & Mining,HINDZINC-EQ,1424,315.5,563.7,563.45,2209,0.8266628170399923,0.146714494105953,red,"0.75, 0.75, 1.5","tweezer_b, tweezer_b",none,Bearish_Engulfing,3173.480794872688,"0.75, 1.0, 1.5","-31.058656491259203, -27.496895511796247, -23.049645390070115","22.72727272727304, 24.193548387097483, 32.78688524590213",22.72727272727304,24.193548387097483,32.78688524590213,-31.058656491259203,"none, none","none, Bearish_Engulfing",0,none,0,0,0,,
38,Chemicals,PIDILITIND-EQ,2664,2554.2,2956.0,2956.2,854,2.6572257250680456,0.0898865342354389,red,"0.75, 0.5, 2.0","hammer, hammer",none,none,708.1714135776814,"1.5, 1.5, 3.0","-45.66673432108788, -51.25169147496648, -52.09214220478177","3.4267912772569256, 2.134146341462907, 17.105263157893166",3.4267912772569256,2.134146341462907,17.105263157893166,-45.66673432108788,"hammer, none","none, none",0,none,0,0,0,,
40,Financial Services,SBILIFE-EQ,21808,1419.85,1436.6,1436.05,185,1.5325916021879062,0.1067227187206508,red,"0.75, 1.5, 3.0","normal, tweezer_t",none,none,890.3457886473108,"0.25, 2.0, 4.0","-33.07684272831726, -35.50048726159082, -31.659882406150743","14.012738853502189, 15.068493150683782, 16.05839416058336",14.012738853502189,15.068493150683782,16.05839416058336,-33.07684272831726,"none, none","none, none",0,none,0,0,0,,
41,Oil Gas & Consumable Fuels,IOC-EQ,1624,173.95,160.6,160.7,31942,0.1613628753501484,0.1004124924394203,green,"1.5, 1.0, 1.5","tweezer_t, marubozu",none,none,28303.350860291623,"1.5, 1.5, 2.0","-31.11387678904792, -34.246575342466464, -27.99377916018592","23.52941176470293, 12.499999999996884, 14.285714285710796",23.52941176470293,12.499999999996884,14.285714285710796,-31.11387678904792,"none, none","none, none",0,none,0,0,0,,
42,Automobile and Auto Components,BAJAJ-AUTO-EQ,16669,7658.25,8940.25,8946.8,354,9.722471815175464,0.1086698240172515,green,"1.5, 1.5, 1.5","normal, normal",none,none,1357.2405047094833,"0.5, 0.25, 1.5","-22.689676755936304, -33.05276698078831, -20.84497596959834","27.0, 23.319327731093026, 32.30944254835152",27.0,23.319327731093026,32.30944254835152,-22.689676755936304,"none, none","none, none",0,none,0,0,0,,
43,Construction Materials,GRASIM-EQ,1232,2089.75,2370.15,2371.6,1241,2.6474760669468056,0.1116324872215721,green,"1.5, 2.0, 3.0","tweezer_t, tweezer_t",none,none,853.2478474068914,"1.5, 1.5, 1.5","-35.2082981953108, -39.65993713478088, -32.8878019985672","16.170212765954975, 4.830917874396178, 4.52488687782798",16.170212765954975,4.830917874396178,4.52488687782798,-35.2082981953108,"none, none","none, none",0,none,0,0,0,,
44,Information Technology,TECHM-EQ,13538,1332.75,1270.9,1270.55,3463,1.5652063785964692,0.1231912462001864,red,"0.75, 1.5, 2.0","normal, normal",none,none,3985.209916934584,"1.0, 0.75, 1.5","-35.81126283892767, -32.26060272247941, -21.21807465618896","23.030303030303497, 23.456790123457523, 28.78787878787957",23.030303030303497,23.456790123457523,28.78787878787957,-35.81126283892767,"none, none","none, none",0,none,0,0,0,,
45,Financial Services,HDFCLIFE-EQ,467,563.35,556.2,556.25,7106,0.5118889981516442,0.0920249884317562,green,"1.0, 2.0, 1.5","spn_top, normal",none,none,10140.114037584008,"0.75, 2.0, 2.0","-52.13483146067375, -51.240560949297176, -36.80430879712665","4.838709677418762, 3.278688524590957, 4.444444444445454",4.838709677418762,3.278688524590957,4.444444444445454,-52.13483146067375,"none, none","none, none",0,none,0,0,0,,
46,Fast Moving Consumer Goods,BRITANNIA-EQ,547,5124.5,5063.35,5061.6,171,5.914873027234057,0.1168577727839824,red,"1.5, 1.5, 1.5","shooting_star, spn_top",none,none,424.0413134928616,"0.5, 0.5, 2.0","-32.10447289394658, -34.85834477174131, -34.83426586537915","0.0, 0.0, 0.0",0.0,0.0,0.0,-32.10447289394658,"none, none","shooting_star, none",0,none,0,0,0,,
47,Metals & Mining,VEDL-EQ,3063,273.6,442.3,442.95,29566,0.7337185012642298,0.1656436395223455,green,"1.5, 1.0, 1.5","normal, normal",none,none,28083.07008496513,"1.5, 1.0, 2.0","-27.09109380291204, -45.21817770743839, -47.50056548292165","33.33333333333287, 22.85714285714318, 22.85714285714317",33.33333333333287,22.85714285714318,22.85714285714317,-27.09109380291204,"none, none","none, none",0,none,0,0,0,,
48,Fast Moving Consumer Goods,GODREJCP-EQ,10099,1218.45,1289.1,1290.0,777,1.487276392504595,0.1152927436050074,green,"1.5, 2.0, 0.75","normal, normal",none,none,1232.5752736813365,"0.75, 2.0, 1.0","-37.98449612403172, -41.1139554728119, -36.04511453044526","23.49397590361449, 13.636363636362969, 13.207547169810674",23.49397590361449,13.636363636362969,13.207547169810674,-37.98449612403172,"none, none","none, none",0,none,0,0,0,,
49,Fast Moving Consumer Goods,DABUR-EQ,772,533.65,545.0,545.45,7488,0.7465682281435343,0.1368719824261681,green,"1.5, 1.5, 1.5","normal, tweezer_b",none,none,12732.243930958475,"0.75, 2.0, 3.0","-7.33339444495329, -22.018348623854045, -22.9147571035747","38.80597014925419, 24.637681159420623, 25.75757575757592",38.80597014925419,24.637681159420623,25.75757575757592,-7.33339444495329,"Bullish_Engulfing, none","none, none",0,none,0,0,0,,
50,Oil Gas & Consumable Fuels,ATGL-EQ,6066,989.05,918.8,919.4,1426,1.272102270514296,0.1383622221573087,green,"1.5, 1.5, 2.0","tweezer_t, shooting_star",none,shooting_star,1405.3176761829616,"1.5, 2.0, 3.0","-35.89297367848671, -30.474531998259344, -32.64417845484222","33.58208955223914, 25.38461538461589, 33.09352517985634",33.58208955223914,25.38461538461589,33.09352517985634,-35.89297367848671,"Bullish_Engulfing, none","none, shooting_star",0,none,0,0,0,,
51,Construction Materials,SHREECEM-EQ,3103,26954.8,25900.0,25900.0,3197,34.93169108153184,0.1348713941371885,green,"1.5, 0.75, 3.0","hammer, marubozu",none,none,1751.6925074758158,"2.0, 0.25, 2.0","-19.305019305019304, -23.16602316602317, -22.68230297765552","12.453066332916828, 12.453066332916828, 12.642947903431557",12.453066332916828,12.453066332916828,12.642947903431557,-19.305019305019304,"hammer, none","none, none",0,none,0,0,0,,
52,Power,ADANIENSOL-EQ,10217,1022.6,1023.6,1024.0,867,1.2922959615328171,0.1262007774934392,green,"1.0, 1.5, 3.0","hammer, normal",none,none,1561.7547282773885,"0.75, 2.0, 3.0","-39.0625, -44.93942946463485, -42.52199413489647","20.8333333333332, 25.49019607843277, 19.148936170214206",20.8333333333332,25.49019607843277,19.148936170214206,-39.0625,"hammer, none","none, none",0,none,0,0,0,,
53,Capital Goods,HAL-EQ,2303,2932.5,4089.7,4094.45,2741,5.428192374614047,0.1325743964296559,green,"2.0, 1.0, 1.5","normal, hammer",hammer,none,2844.2102742209217,"1.0, 3.0, 2.0","-14.531866306829532, -16.504878108418712, -19.441693261436416","46.491228070175325, 34.83606557376914, 30.57692307692292",46.491228070175325,34.83606557376914,30.57692307692292,-14.531866306829532,"none, hammer","none, none",0,none,0,0,0,,
54,Metals & Mining,HINDALCO-EQ,1363,579.9,651.8,651.8,14132,0.6138565161664509,0.0941786615781606,green,"1.0, 1.5, 1.5","hammer, normal",none,none,14120.355765334029,"1.5, 1.5, 1.5","-26.081620128874587, -30.684258975145752, -32.223415682060896","9.999999999996358, 9.99999999999636, 16.66666666666526",9.999999999996358,9.99999999999636,16.66666666666526,-26.081620128874587,"hammer, none","none, none",0,none,0,0,0,,
55,Fast Moving Consumer Goods,VBL-EQ,18921,1302.5,1504.8,1504.3,497,1.6335357748951926,0.1085910905334835,red,"0.75, 2.0, 1.5","hammer, hammer",hammer,none,1377.827345667568,"0.5, 2.0, 1.5","-17.283786478761794, -9.303561935141488, -20.606906637419065","33.89830508474648, 30.075187969925764, 30.075187969925764",33.89830508474648,30.075187969925764,30.075187969925764,-17.283786478761794,"hammer, hammer","Bearish_Engulfing, none",0,none,0,0,0,,
56,Realty,DLF-EQ,14732,786.6,831.5,831.85,27002,1.0760513647670948,0.129356418196441,green,"1.0, 1.5, 1.5","normal, marubozu",Bullish_Engulfing,none,14621.220969113474,"2.0, 1.5, 3.0","-8.414978662017573, -10.222489476849342, -29.51985059340842","45.53571428571421, 41.50943396226411, 14.28571428571393",45.53571428571421,41.50943396226411,14.28571428571393,-8.414978662017573,"none, Bullish_Engulfing","none, none",0,none,0,0,0,,
57,Financial Services,BANKBARODA-EQ,4668,257.45,264.5,264.6,35525,0.372558551213006,0.1408006618340914,green,"1.0, 1.0, 2.0","spn_top, normal",none,none,68490.17390373902,"0.75, 1.5, 3.0","-43.46182917611402, -45.36862003780676, -41.57218442932599","13.333333333335853, 7.142857142858585, 5.714285714287006",13.333333333335853,7.142857142858585,5.714285714287006,-43.46182917611402,"none, none","none, none",0,none,0,0,0,,
58,Financial Services,INDUSINDBK-EQ,5258,1537.8,1412.85,1415.0,7459,2.027618203535004,0.1432945726879861,green,"2.0, 1.5, 1.5","normal, normal",none,none,5069.068172132323,"1.5, 1.5, 2.0","-32.50883392226084, -49.54524542591217, -35.36067892503536","25.628140703518717, 14.45086705202297, 20.382165605094617",25.62814070351872,14.45086705202297,20.382165605094617,-32.50883392226084,"Bullish_Engulfing, none","none, none",0,none,0,0,0,,
59,Automobile and Auto Components,EICHERMOT-EQ,910,3889.95,4666.0,4662.05,1172,5.356847975265198,0.1149032716351218,red,"1.0, 2.0, 1.0","marubozu, normal",none,none,1564.4270217467688,"0.75, 3.0, 0.5","-33.24717667120687, -26.68238319759927, -9.308894809489432","20.072992700730197, 27.032520325202373, 31.147540983605648",20.0729927007302,27.032520325202373,31.147540983605648,-33.24717667120687,"none, none","none, none",0,none,0,0,0,,
60,Healthcare,DRREDDY-EQ,881,6094.45,5931.65,5931.85,434,5.321453842120056,0.0897098517683362,red,"1.0, 1.5, 1.0","spn_top, spn_top",none,none,373.2178404654016,"1.5, 2.0, 1.5","-13.739389903655075, -5.05761466033903, -7.923596301199039","44.33198380567007, 41.03053435114452, 33.75196232339144",44.33198380567007,41.03053435114452,33.75196232339144,-13.739389903655075,"none, none","none, none",0,none,0,0,0,,
61,Healthcare,DIVISLAB-EQ,10940,3699.5,3880.65,3881.75,450,4.054897210836818,0.1044605451365187,green,"1.5, 1.0, 3.0","shooting_star, marubozu",none,none,267.5047876215588,"2.0, 3.0, 2.0","-37.86951761447754, -38.13794080888441, -30.25738086961","22.267206477733986, 19.83298538622259, 19.66873706004248",22.267206477733986,19.83298538622259,19.66873706004248,-37.86951761447754,"none, none","shooting_star, none",0,none,0,0,0,,
62,Oil Gas & Consumable Fuels,BPCL-EQ,526,574.75,608.95,608.65,39580,0.6680956704798127,0.1097668069464902,red,"1.5, 1.5, 1.5","tweezer_t, hammer",hammer,none,16345.211655047313,"3.0, 2.0, 0.5","-41.89599934280898, -36.12776089990856, -32.01707577374675","1.923076923079445, 8.163265306124151, 7.547169811322209",1.923076923079445,8.163265306124151,7.547169811322209,-41.89599934280898,"none, hammer","none, none",0,none,0,0,0,,
63,Consumer Durables,HAVELLS-EQ,9819,1339.75,1738.0,1737.0,3498,1.539197345268902,0.0886123975399483,red,"1.0, 1.0, 1.5","shooting_star, normal",none,none,2752.672159047612,"1.5, 0.5, 1.0","-32.23949337938923, -30.207134637514383, -18.11594202898603","6.896551724137931, 23.841059602648546, 33.55704697986557",6.896551724137931,23.841059602648546,33.55704697986557,-32.23949337938923,"none, none","shooting_star, none",0,none,0,0,0,,
64,Power,ADANIPOWER-EQ,17388,546.3,640.75,641.4,4158,1.387872180625921,0.2163816932687747,green,"0.75, 2.0, 2.0","normal, normal",none,none,20613.9814922751,"0.25, 3.0, 4.0","-9.35453695042131, -27.31174404994148, -39.0625","40.67796610169469, 33.333333333333336, 24.73118279569856",40.67796610169469,33.333333333333336,24.73118279569856,-9.35453695042131,"none, none","none, none",0,none,0,0,0,,
65,Services,INDIGO-EQ,11195,3171.15,4246.0,4253.15,2105,9.34881092668599,0.2198091044681234,green,"1.5, 1.0, 0.75","normal, hammer",hammer,none,4761.197759572182,"0.5, 1.0, 0.75","-36.56113703960637, -13.071125765426713, -37.79182707590196","51.31795716639165, 36.92307692307692, 39.45578231292539",51.31795716639165,36.92307692307692,39.45578231292539,-36.56113703960637,"Bullish_Engulfing, hammer","none, none",0,none,0,0,0,,
66,Healthcare,CIPLA-EQ,694,1433.9,1411.15,1412.6,5149,2.0557115183625188,0.145526795863126,green,"1.5, 1.5, 1.5","normal, normal",none,none,9952.809405182516,"0.75, 1.0, 3.0","-12.388503468780971, -16.298763419905427, -8.862105636299185","45.595854922279024, 46.96969696969745, 35.39823008849572",45.595854922279024,46.96969696969745,35.39823008849572,-12.388503468780971,"none, none","none, none",0,none,0,0,0,,
67,Construction Materials,AMBUJACEM-EQ,1270,555.0,612.6,613.0,3198,0.6557902953179084,0.1069804723193977,green,"1.5, 1.5, 1.5","normal, tweezer_b",none,none,3413.8874453813737,"1.0, 2.0, 1.5","-19.575856443720152, -26.11818478615773, -31.849734585545864","32.352941176470395, 23.333333333333965, 11.864406779661604",32.352941176470395,23.333333333333965,11.864406779661604,-19.575856443720152,"none, none","none, none",0,none,0,0,0,,
70,Capital Goods,BEL-EQ,383,181.55,230.7,230.5,90263,0.2670596060351753,0.1158610004490999,red,"1.5, 1.5, 2.0","normal, tweezer_b",none,none,49549.97881045946,"2.0, 0.5, 1.5","-21.69197396963124, -13.0039011703516, -19.52277657266762","24.99999999999857, 35.29411764705823, 13.333333333332568",24.99999999999857,35.29411764705823,13.333333333332568,-21.69197396963124,"none, none","Bearish_Engulfing, none",0,none,0,0,0,,
71,Healthcare,MANKIND-EQ,15380,2057.45,2207.05,2205.0,1215,2.099549429724883,0.0952176612120128,red,"1.5, 0.5, 3.0","marubozu, normal",none,none,1654.934853920049,"0.75, 0.5, 2.0","-47.16553287981901, -33.52891869237052, -31.71223412689424","11.111111111113605, 14.215686274512096, 17.96116504854611",11.111111111113605,14.215686274512096,17.96116504854611,-47.16553287981901,"none, none","none, none",0,none,0,0,0,,
72,Financial Services,SBICARD-EQ,17971,703.15,715.0,715.15,160,0.7587257722016211,0.1060932352935218,green,"1.0, 1.5, 2.0","shooting_star, normal",none,none,3089.871687686222,"0.0, 3.0, 3.0","-32.8602391106764, -37.06293706293675, -27.24795640327039","8.333333333330174, 5.172413793099187, 6.666666666661272",8.333333333330174,5.172413793099187,6.666666666661272,-32.8602391106764,"none, none","shooting_star, none",0,none,0,0,0,,
73,Oil Gas & Consumable Fuels,GAIL-EQ,4717,181.6,199.05,199.35,50240,0.292065805241811,0.1465090570563386,green,"2.0, 0.75, 2.0","normal, spn_top",none,none,38995.38452518838,"1.5, 1.5, 2.0","-25.08151492350138, -30.143180105500843, -35.14938488576393","39.28571428571372, 19.23076923076949, 20.0",39.28571428571372,19.23076923076949,20.0,-25.08151492350138,"none, none","none, none",0,none,0,0,0,,
74,Financial Services,BAJAJHLDNG-EQ,305,8310.0,8425.0,8420.8,8,2.9087829280826853,0.0345428335559885,red,"0.5, 2.0, 0.5","normal, normal",none,none,13.212618660758915,"0.75, 3.0, 2.0","-3.800114003420967, 1.1869436201780417, -3.562099263832819","0.0474090930640496, 0.0237276070708269, 0.0059329575793533",0.0474090930640496,0.0237276070708269,0.0059329575793533,-3.800114003420967,"none, none","none, none",0,none,0,0,0,,
75,Fast Moving Consumer Goods,TATACONSUM-EQ,3432,1150.75,1073.15,1073.15,2381,0.8949714168362667,0.0833966749136902,green,"1.5, 1.0, 1.5","shooting_star, normal",none,none,2972.355624703042,"1.0, 1.5, 2.0","-43.79630061035101, -43.79630061035101, -42.84849331656781","3.921568627456049, 3.703703703708381, 10.28037383178178",3.921568627456049,3.703703703708381,10.28037383178178,-43.79630061035101,"none, none","shooting_star, none",0,none,0,0,0,,
76,Financial Services,ICICIPRULI-EQ,18652,504.8,585.9,586.2,1190,0.5261815183435394,0.0897614326754587,green,"2.0, 1.5, 0.75","normal, marubozu",none,none,1316.6968216217738,"1.0, 1.5, 1.5","-22.17673149095794, -27.308414405188987, -24.72925726954774","15.78947368421336, 0.0, 17.142857142855657",15.78947368421336,0.0,17.142857142855657,-22.17673149095794,"none, none","none, none",0,none,0,0,0,,
77,Financial Services,CHOLAFIN-EQ,685,1136.35,1235.0,1234.0,26098,1.229518949672071,0.0996368678826638,red,"1.0, 2.0, 2.0","marubozu, normal",none,none,12289.63442287749,"3.0, 5.0, 1.0","-32.414910858995135, -28.340080971659923, -24.25908704969069","2.1276595744662314, 2.061855670101256, 7.462686567164378",2.1276595744662314,2.061855670101256,7.462686567164378,-32.414910858995135,"none, none","none, none",0,none,0,0,0,,
78,Fast Moving Consumer Goods,MARICO-EQ,4067,523.2,590.8,591.55,2762,0.915805625916664,0.1548145762685595,green,"1.5, 1.5, 3.0","normal, normal",none,none,2601.751120042001,"1.5, 3.0, 5.0","-39.72614318316327, -59.24170616113744, -51.563820794589255","22.77227722772375, 8.791208791210437, 12.658227848101117",22.77227722772375,8.791208791210437,12.658227848101117,-39.72614318316327,"Bullish_Engulfing, none","none, none",0,none,0,0,0,,
79,Healthcare,APOLLOHOSP-EQ,157,6235.2,5860.35,5861.45,592,4.903566925902126,0.0836579161453586,green,"1.0, 2.0, 2.0","shooting_star, normal",none,none,944.3118649649044,"0.75, 4.0, 1.0","-19.70502179494866, -20.732550103662128, -30.30949839914621","27.21649484535959, 22.312373225152463, 6.292134831459297",27.21649484535959,22.312373225152463,6.292134831459297,-19.70502179494866,"none, none","shooting_star, none",0,none,0,0,0,,
80,Power,TATAPOWER-EQ,3426,394.0,432.8,432.95,20347,0.485624682772064,0.1121664586608301,green,"2.0, 1.5, 1.5","normal, normal",none,none,21005.583712597378,"1.0, 1.5, 1.5","-21.94248758517124, -18.4842883548986, -21.95262853841684","32.43243243243118, 25.0, 18.18181818181771",32.43243243243118,25.0,18.18181818181771,-21.94248758517124,"none, none","none, none",0,none,0,0,0,,
81,Automobile and Auto Components,BOSCHLTD-EQ,2181,24241.0,30640.65,30646.0,144,43.897810583691225,0.1432415668723201,red,"0.75, 1.5, 1.0","hammer, tweezer_t",Bullish_Engulfing,none,307.7718868736771,"0.5, 1.0, 1.5","-28.38869673040527, -30.79242770633082, -42.32778321906675","35.50016291951783, 31.75965665236076, 35.88709677419372",35.50016291951783,31.75965665236076,35.88709677419372,-28.38869673040527,"hammer, Bullish_Engulfing","none, none",0,none,0,0,0,,
82,Consumer Durables,BERGEPAINT-EQ,404,567.1,484.7,485.05,3704,0.7179117099654998,0.1480077744491289,green,"1.0, 2.0, 2.0","hammer, hammer",hammer,none,14735.50174703655,"0.5, 4.0, 3.0","-13.400680342232292, -23.72601609242901, -21.64725286053008","32.60869565217461, 18.181818181818883, 18.181818181819352",32.60869565217461,18.181818181818883,18.181818181819352,-13.400680342232292,"hammer, hammer","none, none",0,none,0,0,0,,
83,Metals & Mining,JINDALSTEL-EQ,6733,763.1,985.85,986.75,2788,1.2891326796485647,0.1306443050061884,green,"1.5, 0.75, 1.5","normal, tweezer_b",none,none,3601.4788739576416,"1.0, 1.0, 1.5","-17.228274638966763, -31.952122533853803, -30.43213633597079","33.5766423357662, 26.01626016260209, 23.664122137404046",33.5766423357662,26.01626016260209,23.664122137404046,-17.228274638966763,"none, none","none, none",0,none,0,0,0,,
84,Fast Moving Consumer Goods,MCDOWELL-N-EQ,10447,1062.9,1170.05,1169.4,30,1.5002304159490367,0.1282906119333877,red,"0.5, 1.0, 1.5","shooting_star, tweezer_b",Bullish_Engulfing,none,2769.257547485984,"0.0, 1.0, 2.0","-22.23362408072438, -14.529293619931162, -23.9531203216558","29.20353982300999, 33.00000000000033, 20.238095238097173",29.20353982300999,33.00000000000033,20.238095238097173,-22.23362408072438,"none, Bullish_Engulfing","none, none",0,none,0,0,0,,
85,Chemicals,UPL-EQ,11287,474.0,512.15,512.95,5629,0.6330179444722894,0.1234073388190446,green,"1.5, 1.5, 2.0","normal, shooting_star",none,shooting_star,5640.109702490937,"1.0, 3.0, 2.0","-20.4698313675788, -28.31201796348815, -27.33841046670528","41.55844155844191, 28.571428571428047, 26.56250000000033",41.55844155844191,28.571428571428047,26.56250000000033,-20.4698313675788,"none, none","none, shooting_star",0,none,0,0,0,,
86,Fast Moving Consumer Goods,AWL-EQ,8110,343.35,338.0,338.55,1662,0.550964995637384,0.1627425773556,green,"1.5, 1.0, 3.0","normal, shooting_star",none,shooting_star,3613.65130038629,"0.5, 2.0, 4.0","-17.72264067345934, -32.54437869822552, -31.055900621116667","39.21568627450963, 21.95121951219505, 22.500000000000068",39.21568627450963,21.95121951219505,22.500000000000068,-17.72264067345934,"Bullish_Engulfing, none","none, shooting_star",0,none,0,0,0,,
87,Financial Services,ICICIGI-EQ,21770,1518.6,1654.95,1654.5,345,1.071023371478691,0.064733960198168,green,"0.5, 2.0, 1.5","marubozu, hammer",hammer,none,688.6771115212157,"0.75, 4.0, 1.5","-25.083106678755463, -24.77416236140009, -24.1596955878356","15.789473684210169, 15.441176470587672, 16.93548387096751",15.789473684210169,15.441176470587672,16.93548387096751,-25.083106678755463,"none, hammer","none, none",0,none,0,0,0,,
88,Healthcare,TORNTPHARM-EQ,3518,2643.7,2625.05,2624.95,127,1.514525527076284,0.0576973095516594,green,"0.75, 0.75, 3.0","marubozu, hammer",hammer,none,293.93940942479543,"0.5, 0.5, 1.5","-27.048134250177583, -26.856631302259867, -28.956793416139256","8.18713450292656, 8.187134502926995, 2.5252525252525024",8.18713450292656,8.187134502926995,2.5252525252525024,-27.048134250177583,"none, hammer","none, none",0,none,0,0,0,,
89,Financial Services,CANBK-EQ,10794,520.25,118.0,117.8,113518,0.1660230489587226,0.1409363743282874,red,"1.5, 1.5, 0.75","marubozu, tweezer_b",none,Bearish_Engulfing,116247.67586014923,"1.0, 1.5, 0.75","-42.444821731748725, -29.66101694915206, -21.16850127011008","17.64705882352881, 23.07692307692256, 24.99999999999881",17.64705882352881,23.07692307692256,24.99999999999881,-42.444821731748725,"none, none","none, Bearish_Engulfing",0,none,0,0,0,,
90,Financial Services,PNB-EQ,10666,121.65,125.9,126.05,149349,0.196820329384907,0.1561446484608545,green,"1.5, 1.5, 2.0","normal, spn_top",none,none,163552.77549788012,"1.0, 1.5, 3.0","-31.73343911146416, -43.68546465448746, -39.714058776806986","27.777777777776908, 18.749999999999336, 17.647058823528823",27.777777777776908,18.749999999999336,17.647058823528823,-31.73343911146416,"none, none","none, none",0,none,0,0,0,,
91,Automobile and Auto Components,TVSMOTOR-EQ,8479,2024.15,2110.95,2111.9,518,2.296061452686004,0.1087201786394243,green,"1.0, 0.75, 2.0","marubozu, normal",none,none,731.8556169851437,"0.75, 0.5, 2.0","-31.25147971021312, -35.76588739667061, -46.899426784784175","23.38709677419411, 14.181818181816858, 14.801444043322224",23.38709677419411,14.181818181816858,14.801444043322224,-31.25147971021312,"Bullish_Engulfing, none","none, none",0,none,0,0,0,,
92,Healthcare,ZYDUSLIFE-EQ,7929,760.9,992.7,994.2,4748,1.1311321366246427,0.1137730976287108,green,"2.0, 0.75, 1.5","normal, normal",none,none,3271.65872075018,"1.5, 0.75, 0.75","-25.145845906256284, -45.83459252543523, -33.225936367297166","28.36879432624132, 19.841269841269984, 19.23076923076923",28.36879432624132,19.841269841269984,19.23076923076923,-25.145845906256284,"Bullish_Engulfing, none","none, none",0,none,0,0,0,,
94,Consumer Services,TRENT-EQ,1964,3027.15,4523.5,4530.0,958,6.541727353344322,0.1444089923475567,green,"2.0, 1.5, 2.0","normal, normal",none,none,1232.566818513575,"1.0, 1.5, 3.0","-20.971302428256077, -36.476179949154414, -27.403012121412218","30.91603053435035, 18.651685393257555, 21.37767220902348",30.91603053435035,18.651685393257555,21.37767220902348,-20.97130242825608,"Bullish_Engulfing, none","none, none",0,none,0,0,0,,
95,Financial Services,IDBI-EQ,1476,93.25,84.3,84.35,5907,0.1154883441008492,0.1369156420875509,red,"1.5, 1.0, 0.5","normal, marubozu",none,none,5803.946464066025,"1.5, 0.75, 0.75","-41.493775933610976, -35.58718861209931, -29.63841138114997","27.272727272727757, 20.00000000000114, 20.00000000000058",27.27272727272776,20.00000000000114,20.00000000000058,-41.493775933610976,"none, none","none, none",0,none,0,0,0,,
96,Consumer Services,NAUKRI-EQ,13751,5183.45,5969.6,5966.15,471,10.416641808859886,0.1745957075980303,red,"1.5, 3.0, 3.0","hammer, normal",none,none,743.7589892704282,"0.75, 3.0, 3.0","-36.120446183887736, -32.74926293218854, -6.266711229946524","20.12987012987154, 25.10288065843721, 41.123595505618745",20.12987012987154,25.10288065843721,41.123595505618745,-36.120446183887736,"hammer, none","none, none",0,none,0,0,0,,
97,Healthcare,ABBOTINDIA-EQ,17903,28069.5,26550.3,26583.3,4,21.98231683776717,0.0826922046464026,green,"0.0, 2.0, 0.75","doji, shooting_star",none,shooting_star,22.47433888171864,"0.25, 3.0, 2.0","-27.31037907257646, -32.27835467019232, -23.32580887885628","0.2282381284473494, 0.1052745537964196, 0.105305020472867",0.2282381284473494,0.1052745537964196,0.105305020472867,-27.31037907257646,"none, none","none, shooting_star",0,none,0,0,0,,
98,Financial Services,SHRIRAMFIN-EQ,4306,2357.1,2330.4,2330.0,5013,2.158827040364214,0.0926535210456744,red,"1.0, 1.0, 1.5","shooting_star, hammer",hammer,none,2758.2671790122845,"2.0, 3.0, 1.5","-29.82832618025673, -23.171987641606982, -16.30341513643267","24.561403508768294, 32.78688524590084, 31.87250996015874",24.561403508768294,32.78688524590084,31.87250996015874,-29.82832618025673,"none, hammer","shooting_star, none",0,none,0,0,0,,
99,Automobile and Auto Components,HEROMOTOCO-EQ,1348,4746.65,5054.45,5057.75,2497,7.446596892642901,0.1472314150094983,green,"1.5, 1.0, 2.0","tweezer_b, normal",none,none,2973.863941256532,"1.0, 1.5, 3.0","-29.855172754684123, -25.81883290961466, -32.47556906504133","37.28813559322106, 33.5635359116022, 32.253521126760965",37.28813559322106,33.5635359116022,32.253521126760965,-29.855172754684123,"none, none","none, none",0,none,0,0,0,,
100,Consumer Services,INDHOTEL-EQ,1512,509.1,563.35,563.5,1221,0.6296030911823904,0.1117308058886229,green,"1.5, 1.0, 2.0","normal, hammer",hammer,none,2160.0362952785704,"0.75, 1.0, 3.0","-27.50665483584657, -31.9517174048097, -32.850927816745504","17.647058823530724, 17.647058823530724, 9.803921568627183",17.647058823530724,17.647058823530724,9.803921568627183,-27.50665483584657,"Bullish_Engulfing, hammer","none, none",0,none,0,0,0,,
101,Chemicals,PIIND-EQ,24184,3281.95,3635.2,3637.3,445,4.397964659672701,0.1209128930710334,green,"1.5, 1.0, 3.0","marubozu, normal",none,none,1570.6309494692691,"0.5, 0.0, 5.0","-12.784208066421897, -15.95510563380332, -19.54361529356688","40.21164021164051, 36.5168539325832, 32.33532934131642",40.21164021164051,36.5168539325832,32.33532934131642,-12.784208066421897,"none, none","none, none",0,none,0,0,0,,
102,Consumer Services,IRCTC-EQ,13611,946.65,1023.6,1024.35,1955,1.1472158560111436,0.1119945190619557,green,"2.0, 1.5, 1.5","normal, normal",none,none,1874.775662444795,"1.5, 1.5, 0.75","-25.870063942989127, -31.750683860882045, -32.242305813384995","28.813559322035857, 19.23076923077352, 17.475728155344132",28.813559322035857,19.23076923077352,17.475728155344132,-25.870063942989127,"none, none","none, none",0,none,0,0,0,,
104,Financial Services,UNIONBANK-EQ,10753,146.75,138.85,138.95,65909,0.2546061796245267,0.18323582556641,green,"1.0, 1.5, 2.0","normal, normal",none,none,68396.97120002694,"1.0, 1.5, 3.0","-64.77150053976293, -64.8181490817433, -53.93743257820928","21.42857142857056, 14.814814814814037, 17.391304347825447",21.42857142857056,14.814814814814037,17.391304347825447,-64.77150053976293,"none, none","none, none",0,none,0,0,0,,
106,Capital Goods,CUMMINSIND-EQ,1901,2350.2,3632.65,3643.75,7571,8.629026550082509,0.2368171951995199,green,"2.0, 1.5, 1.0","normal, normal",Bullish_Engulfing,none,7166.769207043958,"1.5, 2.0, 1.5","31.698113207547667, -19.544960290696626, -29.75206611570298","54.73933649289092, 37.32503888024908, 31.53456998313724",54.73933649289092,37.32503888024908,31.53456998313724,31.698113207547667,"none, Bullish_Engulfing","none, none",0,none,0,0,0,,
108,Realty,LODHA-EQ,3220,1137.25,1183.05,1182.95,507,0.933742580695786,0.0789333936933755,green,"1.0, 1.5, 0.75","shooting_star, shooting_star",none,shooting_star,1126.4755244514456,"0.5, 1.5, 1.0","-18.597573861955667, -8.875364523899705, -34.66497569224188","39.639639639640784, 26.82926829268333, 23.60248447205029",39.639639639640784,26.82926829268333,23.60248447205029,-18.597573861955667,"none, none","shooting_star, shooting_star",0,none,0,0,0,,
110,Fast Moving Consumer Goods,PGHH-EQ,2535,16739.25,15722.6,15721.55,1,7.74718854586453,0.0492775110969626,green,"0.0, 0.0, 0.0","doji, doji",none,none,6.2477152122286,"0.25, 0.25, 2.0","-17.778145284657512, 4.356785773345607, -4.5468998410172565","0.0122282101632318, 0.01222523001691, 0.0122228042605214",0.0122282101632318,0.01222523001691,0.0122228042605214,-17.778145284657512,"none, none","none, none",0,none,0,0,0,,
111,Financial Services,YESBANK-EQ,11915,22.8,22.5,22.55,113682,0.054979168089612,0.2438100580470602,green,"1.0, 1.0, 1.0","hammer, marubozu",none,Bearish_Engulfing,265233.50937567075,"0.5, 0.25, 0.25","-22.172949002217607, -44.44444444444508, -22.172949002217607","40.00000000000001, 25.0, 33.333333333333336",40.00000000000001,25.0,33.333333333333336,-22.172949002217607,"hammer, none","none, Bearish_Engulfing",0,none,0,0,0,,
112,Capital Goods,POLYCAB-EQ,9590,4385.25,6413.15,6420.0,3921,12.965987245916624,0.201962418160695,green,"1.0, 1.5, 2.0","normal, normal",none,none,2844.306372207644,"1.5, 2.0, 2.0","-15.57632398753894, -34.070620521896984, 5.760817101841621","39.72602739726027, 46.439440048691175, 52.80821917808186",39.72602739726027,46.439440048691175,52.80821917808186,-15.57632398753894,"none, none","none, none",0,none,0,0,0,,
114,Financial Services,IOB-EQ,9348,62.65,62.4,62.5,8388,0.1071103717414914,0.1713765947863862,green,"1.0, 1.0, 1.0","tweezer_b, shooting_star",none,shooting_star,15106.386490383851,"0.75, 1.0, 0.75","-40.0, -56.08974358974382, -40.0","27.27272727272775, 11.111111111111809, 14.285714285715152",27.27272727272775,11.111111111111809,14.285714285715152,-40.0,"none, none","none, shooting_star",0,none,0,0,0,,
115,Textiles,PAGEIND-EQ,14413,36761.9,34811.5,34831.3,7,23.05555910507676,0.0661920718005838,green,"1.5, 0.5, 0.0","normal, hammer",none,none,9.1044690324727,"1.0, 1.0, 0.0","-17.28330553266662, -14.37743274492708, 0.0","0.1962600524312923, 0.1397335194539702, 0.139650630428947",0.1962600524312923,0.1397335194539702,0.139650630428947,-17.28330553266662,"Bullish_Engulfing, none","none, none",0,none,0,0,0,,
117,Capital Goods,ASHOKLEY-EQ,212,179.25,200.65,200.8,19637,0.2744180304570664,0.1366623657654713,green,"1.5, 1.0, 3.0","normal, marubozu",none,none,43665.14104485972,"0.5, 1.0, 4.0","-32.370517928285715, -37.37851981061549, -29.86560477849648","29.99999999999981, 20.68965517241317, 28.00000000000017",29.99999999999981,20.68965517241317,28.00000000000017,-32.370517928285715,"none, none","none, none",0,none,0,0,0,,
118,Healthcare,ALKEM-EQ,11703,4924.05,5246.0,5245.8,217,10.528597750027432,0.2007052832747614,red,"0.5, 2.0, 1.5","spn_top, normal",none,none,890.5062407981126,"0.25, 1.5, 1.0","-38.50699607304856, -44.22417079679722, -27.887232787009378","25.264270613107826, 27.300930713546983, 30.48498845265598",25.264270613107826,27.300930713546983,30.48498845265598,-38.50699607304856,"none, none","none, none",0,none,0,0,0,,
119,Power,NHPC-EQ,17400,103.65,98.25,98.3,171428,0.1661521916136483,0.1690256272773635,green,"1.5, 1.0, 1.5","spn_top, spn_top",none,none,125858.39036323436,"1.5, 1.5, 1.5","-25.4323499491353, -40.71246819338481, -50.94243504839531","33.333333333332895, 29.999999999999723, 19.047619047619367",33.333333333332895,29.999999999999723,19.047619047619367,-25.4323499491353,"none, none","none, none",0,none,0,0,0,,
120,Nifty 50,Nifty 50,99926000,438.5,22170.55,22172.7,0,13.382009769145515,0.060353541829121,green,"1.5, 1.5, 2.0","tweezer_t, normal",none,none,0.0,"0, 0, 0","-26.74460034186151, -25.55191458939965, -21.66590764596837","10.734870317003704, 9.825327510916928, 10.629921259842522",10.734870317003704,9.825327510916928,10.629921259842522,-26.74460034186151,"none, none","none, none",0,none,0,0,0,,
