time,O,H,L,C,V,atr,atrPer,g,s,t,bulRP,berRP,atrV,vs,roc,um,dm,rsi,emaOne,emaTwo,QOne,QTwo,QQOne,QQTwo,mTyp,st,trT
2024-04-25T10:20:00+05:30,23229.3,23229.8,23224.95,23225.8,0,9.9,0.04,red,0.5,normal,none,none,0.0,0,17.01,0.0,3.6,76.46,23224.23,23217.94,11.08,26.15,-15.31,-9.86,Bullish,1.0,9.0
2024-04-25T10:21:00+05:30,23226.0,23231.3,23219.8,23219.8,0,10.19,0.04,red,1.5,normal,none,none,0.0,0,9.6,0.0,6.0,70.6,23222.75,23218.31,-20.26,5.31,-15.77,-11.25,Bearish,-2.0,0.0
2024-04-25T10:22:00+05:30,23221.25,23222.45,23213.3,23218.2,0,10.0,0.04,red,1.0,tweezer_b,none,none,0.0,0,1.42,0.0,1.6,64.44,23221.23,23218.29,-20.77,-0.32,-0.29,-2.82,Bearish,-2.0,1.0
2024-04-25T10:23:00+05:30,23216.1,23220.9,23215.0,23217.6,0,9.26,0.04,green,0.75,tweezer_t,none,none,0.0,0,-2.61,0.0,0.6,52.46,23220.02,23218.15,-16.83,-1.98,2.2,-0.83,NTZ,0.0,0.0
2024-04-25T10:24:00+05:30,23216.85,23220.45,23214.5,23219.7,0,8.66,0.04,green,0.75,normal,none,none,0.0,0,3.23,2.1,0.0,45.91,23219.91,23218.46,-1.53,4.43,7.85,3.21,SideWise,0.0,0.0
2024-04-25T10:25:00+05:30,23220.35,23220.55,23212.85,23215.95,0,8.48,0.04,red,1.0,normal,none,Bearish_Engulfing,0.0,0,0.47,0.0,3.75,54.62,23218.59,23217.96,-18.26,-7.15,-8.62,-5.79,SideWise,0.0,1.0
2024-04-25T10:26:00+05:30,23215.7,23219.45,23210.55,23213.3,0,8.56,0.04,red,1.5,normal,none,none,0.0,0,-4.09,0.0,2.65,48.09,23216.83,23217.03,-23.79,-13.12,-3.17,-3.08,Bearish,-2.0,0.0
2024-04-25T10:27:00+05:30,23212.0,23215.05,23207.4,23210.85,0,8.39,0.04,red,1.0,spn_top,none,none,0.0,0,-9.22,0.0,2.45,32.95,23214.84,23215.79,-26.49,-17.17,-1.65,-2.17,Bearish,-2.0,1.0
2024-04-25T10:28:00+05:30,23209.3,23211.8,23204.7,23208.95,0,8.16,0.04,red,1.0,spn_top,none,none,0.0,0,-8.81,0.0,1.9,7.64,23212.88,23214.42,-26.14,-18.88,0.22,-0.95,Bearish,-2.0,2.0
2024-04-25T10:29:00+05:30,23209.25,23213.2,23205.1,23211.1,0,8.15,0.04,green,1.0,tweezer_b,Bullish_Engulfing,none,0.0,0,-6.33,2.15,0.0,15.86,23212.29,23213.76,-8.44,-9.43,9.72,5.03,NTZ,0.0,0.0
2024-04-25T10:30:00+05:30,23212.35,23217.4,23208.0,23216.5,0,8.37,0.04,green,1.5,normal,none,none,0.0,0,-1.42,5.4,0.0,33.74,23213.69,23214.31,19.33,7.8,14.02,8.62,Bullish,2.0,0.0
2024-04-25T10:31:00+05:30,23215.85,23219.6,23212.1,23212.1,0,8.22,0.04,red,1.0,tweezer_t,none,Bearish_Engulfing,0.0,0,-2.63,0.0,4.4,35.74,23213.16,23213.87,-7.55,-6.31,-13.58,-7.05,SideWise,0.0,0.0
2024-04-25T10:32:00+05:30,23213.15,23217.55,23210.3,23215.95,0,8.04,0.03,green,1.0,normal,Bullish_Engulfing,none,0.0,0,-0.71,3.85,0.0,46.15,23214.09,23214.29,13.09,5.94,10.34,6.12,SideWise,0.0,1.0
2024-04-25T10:33:00+05:30,23215.3,23215.35,23205.55,23205.55,0,8.47,0.04,red,1.5,marubozu,none,Bearish_Engulfing,0.0,0,-6.1,0.0,10.4,34.57,23211.24,23212.54,-35.44,-23.61,-25.27,-15.14,SideWise,0.0,2.0
2024-04-25T10:34:00+05:30,23208.75,23210.2,23203.75,23207.85,0,8.1,0.03,red,1.0,hammer,hammer,none,0.0,0,-3.49,2.3,0.0,34.9,23210.11,23211.6,-15.77,-13.2,12.11,5.78,Bearish,-2.0,0.0
2024-04-25T10:35:00+05:30,23207.7,23212.4,23205.85,23211.7,0,7.82,0.03,green,1.0,normal,Bullish_Engulfing,none,0.0,0,-0.69,3.85,0.0,44.6,23210.64,23211.62,7.55,0.29,11.72,6.83,SideWise,0.0,0.0
2024-04-25T10:36:00+05:30,23210.6,23213.55,23204.9,23205.95,0,7.97,0.03,red,1.5,normal,none,Bearish_Engulfing,0.0,0,-2.11,0.0,5.75,41.34,23209.08,23210.49,-21.35,-15.83,-14.66,-8.21,SideWise,0.0,1.0
2024-04-25T10:37:00+05:30,23207.0,23210.85,23205.3,23210.7,0,7.53,0.03,green,0.75,normal,Bullish_Engulfing,none,0.0,0,0.75,4.75,0.0,49.83,23209.62,23210.53,7.69,0.6,14.73,8.36,SideWise,0.0,2.0
2024-04-25T10:38:00+05:30,23210.4,23211.05,23203.5,23209.7,0,7.53,0.03,red,1.5,hammer,hammer,none,0.0,0,-0.6,0.0,1.0,50.86,23209.65,23210.36,0.38,-2.38,-3.67,-1.49,SideWise,0.0,3.0
2024-04-25T10:39:00+05:30,23210.5,23213.9,23203.35,23204.1,0,8.08,0.03,red,1.5,normal,none,none,0.0,0,-5.34,0.0,5.6,42.6,23207.8,23209.11,-24.82,-17.38,-13.2,-7.73,SideWise,0.0,4.0
2024-04-25T10:40:00+05:30,23203.75,23212.25,23203.2,23210.3,0,8.26,0.04,green,1.5,normal,none,none,0.0,0,-0.78,6.2,0.0,43.56,23208.63,23209.35,11.77,3.41,18.54,10.55,SideWise,0.0,5.0
2024-04-25T10:41:00+05:30,23210.0,23215.4,23206.1,23206.1,0,8.45,0.04,red,1.5,tweezer_t,none,none,0.0,0,-4.24,0.0,4.2,43.74,23207.79,23208.7,-11.91,-9.23,-11.84,-6.34,SideWise,0.0,6.0
2024-04-25T10:42:00+05:30,23206.15,23210.8,23204.45,23207.35,0,8.07,0.03,green,1.0,tweezer_t,none,none,0.0,0,0.78,1.25,0.0,40.51,23207.64,23208.43,-2.1,-3.86,4.98,2.72,SideWise,0.0,7.0
2024-04-25T10:43:00+05:30,23208.1,23209.0,23191.95,23197.4,0,9.7,0.04,red,2.0,normal,none,Bearish_Engulfing,0.0,0,-4.5,0.0,9.95,40.91,23204.23,23206.22,-40.48,-28.88,-22.21,-13.6,NTZ,0.0,0.0
2024-04-25T10:44:00+05:30,23197.5,23198.9,23190.25,23195.35,0,9.51,0.04,red,1.0,tweezer_b,none,none,0.0,0,-7.05,0.0,2.05,35.99,23201.27,23204.05,-36.5,-28.52,3.25,0.23,Bearish,-2.0,0.0
2024-04-25T10:45:00+05:30,23194.95,23201.25,23189.2,23190.15,0,9.97,0.04,red,1.5,tweezer_t,none,none,0.0,0,-6.81,0.0,5.2,26.55,23197.56,23201.27,-42.82,-34.8,-5.33,-4.33,Bearish,-2.0,1.0
2024-04-25T10:46:00+05:30,23187.6,23193.15,23178.25,23180.5,0,10.87,0.05,red,1.5,normal,none,none,0.0,0,-13.03,0.0,9.65,24.47,23191.87,23197.12,-54.88,-46.08,-13.9,-9.74,Bearish,-2.0,2.0
2024-04-25T10:47:00+05:30,23183.45,23187.45,23181.2,23184.15,0,10.15,0.04,green,0.75,spn_top,none,none,0.0,0,-11.02,3.65,0.0,22.77,23189.3,23194.53,-32.75,-32.96,21.27,11.03,Bearish,-1.0,3.0
2024-04-25T10:48:00+05:30,23182.6,23185.25,23179.15,23182.35,0,9.42,0.04,red,0.75,spn_top,none,Bearish_Engulfing,0.0,0,-9.38,0.0,1.8,22.4,23186.98,23192.09,-30.08,-31.34,1.83,1.13,Bearish,-1.0,4.0
2024-04-25T10:49:00+05:30,23183.65,23183.65,23171.4,23172.45,0,9.42,0.04,red,0.75,spn_top,none,Bearish_Engulfing,0.0,0,-9.38,0.0,1.8,22.4,23186.98,23192.09,-30.08,-31.34,1.83,1.13,Bearish,-1.0,4.0
